name: MAL
channels:
  - pytorch
  - conda-forge
  - defaults
dependencies:
  - _libgcc_mutex=0.1=main
  - backcall=0.1.0=py37_0
  - blas=1.0=mkl
  - bzip2=1.0.8=h516909a_1
  - ca-certificates=2019.9.11=hecc5488_0
  - cairo=1.14.12=h80bd089_1005
  - certifi=2019.9.11=py37_0
  - cffi=1.12.3=py37h2e261b9_0
  - cudatoolkit=10.0.130=0
  - cython=0.29.13=py37he1b5a44_0
  - decorator=4.4.0=py37_1
  - ffmpeg=4.0.2=ha0c5888_2
  - fontconfig=2.13.1=he4413a7_1000
  - freeglut=3.0.0=hf484d3e_1005
  - freetype=2.9.1=h8a8886c_1
  - gettext=0.19.8.1=hc5be6a0_1002
  - glib=2.56.2=had28632_1001
  - gmp=6.1.2=hf484d3e_1000
  - gnutls=3.5.19=h2a4e5f8_1
  - graphite2=1.3.13=hf484d3e_1000
  - harfbuzz=1.9.0=he243708_1001
  - hdf5=1.10.2=hc401514_3
  - icu=58.2=hf484d3e_1000
  - intel-openmp=2019.4=243
  - ipdb=0.12.2=py_0
  - ipython=7.8.0=py37h39e3cac_0
  - ipython_genutils=0.2.0=py37_0
  - jasper=2.0.14=h07fcdf6_1
  - jedi=0.15.1=py37_0
  - jpeg=9b=h024ee3a_2
  - libedit=3.1.20181209=hc058e9b_0
  - libffi=3.2.1=hd88cf55_4
  - libgcc-ng=9.1.0=hdf63c60_0
  - libgfortran=3.0.0=1
  - libgfortran-ng=7.3.0=hdf63c60_0
  - libglu=9.0.0=hf484d3e_1000
  - libiconv=1.15=h516909a_1005
  - libopencv=3.4.2=hb342d67_1
  - libpng=1.6.37=hbc83047_0
  - libstdcxx-ng=9.1.0=hdf63c60_0
  - libtiff=4.0.10=h2733197_2
  - libuuid=2.32.1=h14c3975_1000
  - libxcb=1.13=h14c3975_1002
  - libxml2=2.9.9=h13577e0_2
  - mkl=2019.4=243
  - mkl-service=2.0.2=py37h7b6447c_0
  - mkl_fft=1.0.14=py37ha843d7b_0
  - mkl_random=1.0.2=py37hd81dba3_0
  - ncurses=6.1=he6710b0_1
  - nettle=3.3=0
  - ninja=1.9.0=py37hfd86e86_0
  - numpy=1.16.4=py37h7e9f1db_0
  - numpy-base=1.16.4=py37hde5b4d6_0
  - olefile=0.46=py37_0
  - opencv=3.4.2=py37h6fd60c2_1
  - openh264=1.8.0=hdbcaa40_1000
  - openssl=1.1.1c=h516909a_0
  - parso=0.5.1=py_0
  - pcre=8.43=he1b5a44_0
  - pexpect=4.7.0=py37_0
  - pickleshare=0.7.5=py37_0
  - pillow=6.1.0=py37h34e0f95_0
  - pip=19.2.2=py37_0
  - pixman=0.34.0=h14c3975_1003
  - prompt_toolkit=2.0.9=py37_0
  - pthread-stubs=0.4=h14c3975_1001
  - ptyprocess=0.6.0=py37_0
  - py-opencv=3.4.2=py37hb342d67_1
  - pycparser=2.19=py37_0
  - pygments=2.4.2=py_0
  - python=3.7.4=h265db76_1
  - pytorch=1.1.0=py3.7_cuda10.0.130_cudnn7.5.1_0
  - readline=7.0=h7b6447c_5
  - setuptools=41.0.1=py37_0
  - six=1.12.0=py37_0
  - sqlite=3.29.0=h7b6447c_0
  - tk=8.6.8=hbc83047_0
  - torchvision=0.2.1=py_2
  - traitlets=4.3.2=py37_0
  - wcwidth=0.1.7=py37_0
  - wheel=0.33.4=py37_0
  - x264=1!152.20180806=h14c3975_0
  - xorg-fixesproto=5.0=h14c3975_1002
  - xorg-inputproto=2.3.2=h14c3975_1002
  - xorg-kbproto=1.0.7=h14c3975_1002
  - xorg-libice=1.0.10=h516909a_0
  - xorg-libsm=1.2.3=h84519dc_1000
  - xorg-libx11=1.6.9=h516909a_0
  - xorg-libxau=1.0.9=h14c3975_0
  - xorg-libxdmcp=1.1.3=h516909a_0
  - xorg-libxext=1.3.4=h516909a_0
  - xorg-libxfixes=5.0.3=h516909a_1004
  - xorg-libxi=1.7.10=h516909a_0
  - xorg-libxrender=0.9.10=h516909a_1002
  - xorg-renderproto=0.11.1=h14c3975_1002
  - xorg-xextproto=7.3.0=h14c3975_1002
  - xorg-xproto=7.0.31=h14c3975_1007
  - xz=5.2.4=h14c3975_4
  - zlib=1.2.11=h7b6447c_3
  - zstd=1.3.7=h0b5b093_0
  - pip:
    - cycler==0.10.0
    - kiwisolver==1.1.0
    - matplotlib==3.1.1
    - pycocotools==2.0.0
    - pyparsing==2.4.2
    - python-dateutil==2.8.0
    - pyyaml==5.1.2
    - scipy==1.3.2
    - tqdm==4.35.0
    - yacs==0.1.6
prefix: /home/weik/Workspace/anaconda3/envs/free_anchor

